workerid	Answer.gender	Answer.age	Answer.income	Answer.nativeLanguage	Answer.orders	Answer.imageIDs	Answer.imageCategories	Answer.utterances	Answer.ironyRatings	Answer.stateRatings	Answer.probsSad	Answer.probsDisgusted	Answer.probsAngry	Answer.probsNeutral	Answer.probsContent	Answer.probsHappy	Answer.probsExcited
1	F	25	6	English	1,2,3,4,5,6,7,8,9	9,5,7,2,1,3,8,4,6	terrible,ok,terrible,amazing,amazing,amazing,terrible,ok,ok	good,terrible,good,amazing,terrible,good,terrible,ok,ok	1,0.72,1,0,0.98,0.11,0.05,0.5,0.65	2,3,1,5,4,4,2,3,4	0.1,0.07,0.65,0.02,0.01,0.05,0.16,0.38,0.02	0.04,0.06,0.55,0.03,0.02,0.03,0.33,0.29,0	0.23,0.24,0.34,0.03,0,0.02,0.03,0.07,0.02	0.24,0.65,0.05,0.06,0.01,0.27,0.52,0.99,0.58	0.66,0.51,0.16,0.26,0.08,0.61,0.37,0.92,0.81	0.01,0.01,0.02,0.98,0.36,0.67,0.01,0.01,0.34	0.09,0.03,0.07,0.88,0.24,0.61,0.02,0.12,0.16
2	M	25	6	english	1,2,3,4,5,6,7,8,9	6,4,2,1,7,3,9,8,5	ok,ok,amazing,amazing,terrible,amazing,terrible,terrible,ok	bad,ok,good,good,terrible,amazing,amazing,bad,terrible	0.78,0.1,0.2,0.26,0.11,0.16,0.96,0.09,0.73	2,3,4,4,1,5,5,2,1	0.44,0.03,0.04,0.12,0.59,0.09,0.09,0.7,0.57	0.41,0.04,0.06,0.08,0.53,0.15,0.15,0.25,0.35	0.35,0.05,0.05,0.08,0.54,0.17,0.19,0.27,0.46	0.37,0.7,0.05,0.07,0.08,0.07,0.15,0.45,0.7	0.37,0.63,0.06,0.05,0.35,0.08,0.09,0.3,0.33	0.41,0.09,0.52,0.68,0.1,0.59,0.78,0.15,0.29	0.69,0.06,0.67,0.76,0.1,0.52,0.6,0.28,0.47
3	M	25	4	English	1,2,3,4,5,6,7,8,9	6,5,7,2,3,4,8,1,9	ok,ok,terrible,amazing,amazing,ok,terrible,amazing,terrible	bad,bad,terrible,terrible,ok,good,ok,good,good	0.99,0.95,0.01,1,0.44,0.31,0.44,0.12,0.9	2,2,1,1,4,4,3,4,2	0.42,0.51,0.65,0.47,0.36,0.23,0.2,0.13,0.47	0.69,0.7,0.97,0.52,0.36,0.16,0.71,0.29,0.87	0.51,0.48,0.39,0.34,0.38,0.15,0.35,0.17,0.36	0.62,0.72,0.46,0.52,0.48,0.8,0.74,0.63,0.51	0.54,0.55,0.27,0.31,0.38,0.74,0.53,0.55,0.27	0.55,0.63,0.15,0.39,0.62,0.71,0.28,0.61,0.3	0.55,0.41,0.28,0.4,0.49,0.69,0.55,0.57,0.24
4	M	35	6	english	1,2,3,4,5,6,7,8,9	8,5,9,4,7,2,6,1,3	terrible,ok,terrible,ok,terrible,amazing,ok,amazing,amazing	ok,good,terrible,good,ok,terrible,ok,terrible,good	0.6,0.29,0.74,0.64,0.97,0.93,0.5,0.91,0.15	2,4,1,4,3,5,3,4,5	0.47,0.06,0.41,0.04,0.3,0.04,0.04,0.14,0.14	0.35,0.02,0.71,0.02,0.64,0.06,0.01,0.07,0.16	0.41,0.03,0.61,0.09,0.56,0.09,0.05,0.1,0.13	0.52,0.25,0.25,0.7,0.42,0.54,0.74,0.7,0.59	0.67,0.84,0.09,0.71,0.17,0.77,0.67,0.74,0.68	0.14,0.78,0.1,0.46,0.11,0.65,0.45,0.55,0.37	0.14,0.73,0.07,0.39,0.15,0.52,0.63,0.44,0.45
5	M	55	4	English	1,2,3,4,5,6,7,8,9	7,8,4,3,1,6,2,5,9	terrible,terrible,ok,amazing,amazing,ok,amazing,ok,terrible	good,ok,ok,terrible,bad,bad,terrible,good,bad	0.93,0.36,0.15,0.93,0.83,0.43,0.82,0.5,0.05	1,2,4,5,4,3,5,4,1	0.66,0.56,0.23,0.08,0.17,0.38,0.18,0.38,0.8	0.7,0.37,0.24,0.11,0.19,0.35,0.18,0.33,0.88	0.45,0.38,0.16,0.18,0.26,0.29,0.25,0.31,0.76	0.32,0.55,0.54,0.55,0.56,0.59,0.54,0.77,0.17	0.47,0.59,0.8,0.66,0.89,0.79,0.72,0.83,0.32	0.36,0.42,0.62,0.82,0.73,0.57,0.77,0.69,0.24	0.33,0.26,0.61,0.8,0.62,0.57,0.69,0.57,0.14
6	M	25	6	english	1,2,3,4,5,6,7,8,9	5,7,6,8,4,2,9,3,1	ok,terrible,ok,terrible,ok,amazing,terrible,amazing,amazing	ok,amazing,terrible,ok,amazing,bad,terrible,ok,bad	0.35,0.96,0.9,0.82,0.74,0.89,0.07,0.72,0.79	4,1,4,2,2,5,1,4,5	0.46,0.81,0.25,0.72,0.71,0.27,0.8,0.24,0.25	0.31,0.77,0.21,0.75,0.71,0.31,0.75,0.24,0.23	0.35,0.78,0.23,0.75,0.7,0.27,0.77,0.24,0.28	0.78,0.38,0.29,0.66,0.3,0.29,0.25,0.25,0.31	0.56,0.3,0.71,0.33,0.35,0.69,0.24,0.82,0.78	0.44,0.36,0.69,0.35,0.35,0.78,0.24,0.83,0.82	0.51,0.32,0.77,0.35,0.38,0.72,0.28,0.78,0.75
7	F	35	4	English	1,2,3,4,5,6,7,8,9	6,7,3,4,8,1,9,2,5	ok,terrible,amazing,ok,terrible,amazing,terrible,amazing,ok	terrible,bad,bad,terrible,bad,terrible,bad,terrible,amazing	1,0.11,0.92,0.31,0.19,0.7,0.09,0.85,0.61	4,2,5,3,2,4,2,4,5	0.1,0.66,0.06,0.69,0.72,0.09,0.68,0.09,0.06	0.16,0.51,0.24,0.58,0.22,0.09,0.57,0.15,0.07	0.16,0.57,0.07,0.66,0.57,0.1,0.55,0.08,0.11	0.55,0.45,0.62,0.29,0.71,0.58,0.62,0.58,0.22	0.71,0.17,0.57,0.08,0.12,0.62,0.12,0.71,0.86	0.7,0.16,0.66,0.11,0.11,0.64,0.09,0.71,0.88	0.84,0.24,0.56,0.24,0.13,0.51,0.13,0.26,0.78
8	M	25	4	English	1,2,3,4,5,6,7,8,9	5,9,6,2,8,1,7,4,3	ok,terrible,ok,amazing,terrible,amazing,terrible,ok,amazing	amazing,ok,ok,amazing,bad,terrible,bad,ok,ok	0,1,0,0.13,0.06,1,0.01,0.06,0.05	4,2,4,4,3,5,1,3,5	0.01,0.42,0.01,0,0.66,0.12,0.67,0.07,0.16	0,0.19,0,0,0.42,0.16,0.08,0.08,0.1	0.01,0.36,0,0,0.22,0.49,0.8,0.07,0	0,0.5,0.77,0.22,0.54,0.14,0.06,0.65,0.7	1,0.13,0.57,1,0,0.1,0.05,0.72,0.76	1,0.2,0.28,0.86,0,0.13,0.06,0.29,0.79	1,0.27,0.47,0.88,0,0.12,0.06,0.29,0.51
9	M	35	4	english	1,2,3,4,5,6,7,8,9	6,4,9,1,2,7,3,8,5	ok,ok,terrible,amazing,amazing,terrible,amazing,terrible,ok	good,ok,amazing,bad,amazing,terrible,terrible,good,ok	0,0,1,1,0,0,1,1,0	4,3,1,5,5,1,5,1,3	0.01,0.01,0,0,0.01,0.49,0.02,0.48,0.02	0.01,0,0.01,0.01,0,1,0.01,0.98,0	0.01,0,0.01,0.01,0,0.49,0,0.47,0.02	0.5,1,0,1,0.5,0,0.48,0.03,1	0.97,1,0.01,0.99,1,0.01,1,0,1	0.98,0.51,0,1,1,0,1,0.01,0.01	1,0.51,0.02,1,1,0.02,1,0,0.01
10	F	35	6	English	1,2,3,4,5,6,7,8,9	3,8,5,6,1,4,9,7,2	amazing,terrible,ok,ok,amazing,ok,terrible,terrible,amazing	good,amazing,good,good,good,terrible,ok,good,ok	0,0.86,0.12,0.04,0.07,0.14,0.72,0.95,0.86	4,2,4,4,5,1,2,1,5	0.01,0.84,0.02,0.01,0.01,1,0.59,0.62,0.01	0.02,0.89,0.04,0.04,0.03,1,0.41,0.53,0.01	0,0.86,0.04,0.03,0.04,0.98,0.31,0.74,0.01	0.49,0.52,0.44,0.51,0.47,0.17,0.68,0.71,0.15	0.98,0.07,0.99,0.97,0.98,0.01,0.46,0.32,0.93	0.99,0.21,0.93,0.91,0.97,0.02,0.35,0.27,0.87	0.97,0.13,0.97,0.93,0.99,0,0.46,0.39,0.91
11	F	35	4	english	1,2,3,4,5,6,7,8,9	3,8,1,9,6,7,5,4,2	amazing,terrible,amazing,terrible,ok,terrible,ok,ok,amazing	good,terrible,terrible,bad,good,terrible,ok,good,terrible	0.82,0.86,0,0.93,0.76,0.73,0.27,0.81,1	4,1,3,2,4,1,3,4,4	0,0.18,0,0.08,0,0.5,0,0,0	0,0.71,0.89,0.77,0,0.96,0.02,0.03,0.87	0,0,0,0,0,0,0.01,0,0	0,0.88,1,0.99,0,0.82,1,0,0.89	0.96,0,0,0,0.86,0,0.54,0.98,0	0.99,0,0,0,0.81,0.03,0.45,0.81,0.01	0.72,0,0.02,0,0.2,0,0.02,0.2,0
12	F	35	8	English	1,2,3,4,5,6,7,8,9	7,9,8,1,3,6,2,5,4	terrible,terrible,terrible,amazing,amazing,ok,amazing,ok,ok	bad,good,ok,amazing,amazing,ok,good,bad,bad	0.08,0.84,0.42,0.03,0.01,0.42,0.19,0.85,0.56	4,2,3,5,5,3,4,2,2	0.54,0.19,0.3,0.03,0.02,0.14,0.01,0.73,0.68	0.42,0.16,0.24,0.01,0,0.3,0.01,0.83,0.72	0.42,0.24,0.15,0.05,0.04,0.14,0.06,0.72,0.77	0.7,0.48,0.49,0.27,0.15,0.86,0.16,0.48,0.62	0.19,0.77,0.52,0.99,0.98,0.61,0.99,0.04,0.07	0.22,0.76,0.58,0.99,0.98,0.67,0.97,0.05,0.13	0.19,0.76,0.47,0.99,0.98,0.57,0.98,0,0.09
13	F	25	4	english	1,2,3,4,5,6,7,8,9	6,7,2,9,5,8,4,1,3	ok,terrible,amazing,terrible,ok,terrible,ok,amazing,amazing	amazing,bad,bad,good,ok,amazing,ok,good,ok	0,0.03,0.99,1,0.23,0.97,0.43,0.08,0.72	4,1,5,2,3,2,3,4,5	0.01,0.65,0.03,0.57,0.35,0.66,0.4,0.07,0.02	0.03,0.33,0.02,0.55,0.03,0.4,0.27,0.09,0.12	0.06,0.44,0.04,0.49,0.18,0.21,0.1,0.08,0.03	0.21,0.29,0.05,0.39,0.47,0.44,0.28,0.08,0.03	0.58,0.33,0.9,0.36,0.35,0.3,0.09,0.51,0.94	0.61,0.22,0.91,0.26,0.48,0.26,0.11,0.63,0.93	0.59,0.55,0.92,0.28,0.19,0.11,0.11,0.51,0.94
14	M	45	8	English	1,2,3,4,5,6,7,8,9	3,1,5,9,6,7,8,2,4	amazing,amazing,ok,terrible,ok,terrible,terrible,amazing,ok	bad,bad,good,good,ok,terrible,good,ok,ok	0.85,0.95,0.64,0.97,0.62,0,0.62,0.6,0.5	2,2,4,4,3,1,4,3,3	0.66,0.68,0.14,0.19,0.31,0.78,0.1,0.36,0.38	0.67,0.75,0.19,0.18,0.25,0.86,0.25,0.25,0.41	0.72,0.69,0.11,0.17,0.41,0.73,0.17,0.26,0.28	0.52,0.24,0.37,0.43,0.51,0.4,0.46,0.75,0.69	0.12,0.19,0.75,0.76,0.34,0.07,0.73,0.41,0.54	0.23,0.14,0.71,0.22,0.47,0.09,0.77,0.47,0.34	0.15,0.2,0.67,0.77,0.51,0.06,0.75,0.47,0.46
15	F	65	0	English	1,2,3,4,5,6,7,8,9	8,7,3,2,9,6,1,4,5	terrible,terrible,amazing,amazing,terrible,ok,amazing,ok,ok	good,bad,good,amazing,ok,terrible,amazing,ok,bad	0.5,0,0.02,0,0.84,0.76,0,0.07,0.71	2,1,4,5,2,4,5,3,2	0.38,0.65,0.04,0.06,0.62,0.7,0.06,0.46,0.64	0.55,0.5,0.03,0.02,0.68,0.61,0.03,0.51,0.64	0.49,0.49,0.03,0.02,0.69,0.66,0.02,0.56,0.67	0.48,0.12,0.17,0.04,0.21,0.27,0.16,0.51,0.32	0.47,0.1,0.94,0.96,0.09,0.27,0.98,0.24,0.2	0.47,0.19,0.95,0.97,0.07,0.3,0.95,0.36,0.19	0.51,0.02,0.96,0.96,0.05,0.49,0.99,0.48,0.22
16	F	45	4	ENGLISH	1,2,3,4,5,6,7,8,9	6,2,7,8,1,9,5,4,3	ok,amazing,terrible,terrible,amazing,terrible,ok,ok,amazing	bad,terrible,amazing,amazing,amazing,good,good,ok,good	0.98,0.99,0.01,0.69,0.02,0.98,0.02,0.5,0.01	5,5,1,2,5,1,4,3,5	0.01,0.02,0.96,0.7,0.02,0.74,0.01,0.39,0.02	0.06,0,0.83,0.55,0.02,0.74,0.01,0.36,0.01	0.04,0.01,0.78,0.63,0.02,0.76,0.02,0.38,0.01	0.26,0.01,0.02,0.73,0.2,0.11,0.52,0.63,0.26	0.9,0.96,0.02,0.29,0.99,0.02,0.96,0.68,0.99	0.98,1,0.01,0.37,0.97,0.13,0.94,0.69,0.98	0.94,0.99,0.02,0.26,0.98,0.11,0.86,0.37,0.98
17	M	35	4	English	1,2,3,4,5,6,7,8,9	7,3,9,6,4,5,8,2,1	terrible,amazing,terrible,ok,ok,ok,terrible,amazing,amazing	ok,terrible,amazing,bad,amazing,terrible,good,ok,good	0.87,0.96,0.98,0.81,0.16,0.89,0.08,0.6,0.05	2,5,1,4,4,4,4,5,5	0.64,0.02,0.98,0.28,0.16,0.08,0.23,0.02,0.02	0.63,0.01,0.99,0.21,0.14,0.08,0.07,0.02,0.02	0.69,0.02,1,0.24,0.2,0.06,0.13,0.01,0.01	0.41,0.01,0,0.41,0.27,0.16,0.39,0.05,0.11	0.3,0.98,0,0.77,0.76,0.88,0.77,0.97,0.98	0.26,1,0,0.82,0.77,0.86,0.64,0.98,0.99	0.23,0.99,0.01,0.73,0.75,0.84,0.67,0.99,0.99
18	F	35	4	English	1,2,3,4,5,6,7,8,9	2,4,8,9,1,7,5,6,3	amazing,ok,terrible,terrible,amazing,terrible,ok,ok,amazing	amazing,good,terrible,ok,bad,bad,good,bad,amazing	0,1,0,1,1,0,0,1,0	5,3,3,1,5,1,4,4,5	0,0.01,0,0,0,0,0,0,0	0,0.01,0,0,1,0,0,1,0	0,0,0.52,0.01,1,0,0,1,0	0.01,0.99,1,1,0,0,0,0,0	0.98,0.01,0,0,0,0,1,0,1	0.99,0.01,0,0,0,0,1,0,1	1,0,0,0,0,0,1,0,1
19	F	35	4	english	1,2,3,4,5,6,7,8,9	6,2,7,8,4,5,1,3,9	ok,amazing,terrible,terrible,ok,ok,amazing,amazing,terrible	terrible,ok,good,bad,bad,ok,amazing,amazing,ok	0.6,0.11,0.9,0.07,0.4,0.13,0.05,0.05,0.88	4,5,1,2,3,4,5,5,1	0.86,0.09,0.19,0.45,0.79,0.18,0.06,0.08,0.23	0.81,0.09,0.14,0.53,0.73,0.11,0.04,0.05,0.06	0.25,0.18,0.17,0.43,0.56,0.18,0.08,0.07,0.15	0.48,0.23,0.32,0.24,0.38,0.75,0.12,0.07,0.69	0.38,0.77,0.56,0.29,0.05,0.68,0.95,0.83,0.61	0.09,0.57,0.7,0.07,0.2,0.47,0.85,0.92,0.45	0.52,0.51,0.43,0.18,0.16,0.3,0.87,0.96,0.22
20	F	55	11	English	1,2,3,4,5,6,7,8,9	8,9,7,1,3,5,6,4,2	terrible,terrible,terrible,amazing,amazing,ok,ok,ok,amazing	ok,good,ok,amazing,amazing,good,good,good,amazing	0.5,0.93,0.58,0.01,0.01,0.03,0.03,0.03,0.02	4,1,3,5,5,4,4,4,5	0.02,0.01,0.03,0.01,0.01,0.02,0.02,0.02,0.01	0.02,0.03,0.01,0,0.02,0.02,0.02,0,0.02	0.02,0.01,0.03,0.01,0.01,0,0.02,0.02,0.01	0.48,0.02,0.28,0.01,0.02,0.03,0.01,0.02,0.01	0.72,0.01,0.54,0.97,1,0.54,0.82,0.79,0.86	0.81,0.3,0.54,0.98,0.98,0.82,0.7,0.67,1	0.61,0.54,0.54,0.98,0.99,0.65,0.72,0.67,0.98
21	M	45	8	english	1,2,3,4,5,6,7,8,9	1,7,9,6,3,2,4,8,5	amazing,terrible,terrible,ok,amazing,amazing,ok,terrible,ok	terrible,bad,amazing,amazing,amazing,terrible,ok,terrible,amazing	0.99,0.02,0.99,0.02,0.01,0.98,0.16,0,0.02	5,1,1,5,5,5,4,2,4	0.02,0.51,0.53,0.01,0,0.01,0.01,0.7,0	0.01,0.53,0.49,0.01,0.02,0.02,0.05,0.51,0	0.02,0.51,0.51,0.01,0.02,0.01,0.12,0.6,0.01	0.01,0.02,0.49,0.02,0.02,0.01,0.48,0.02,0	0.98,0.01,0.12,0.98,0.99,0.98,0.79,0.17,1	0.98,0.1,0.02,1,0.98,0.98,0.63,0.34,0.9	0.98,0.51,0.02,0.98,0.98,0.99,0.52,0.02,0.88
22	F	35	4	English	1,2,3,4,5,6,7,8,9	6,4,7,3,2,8,5,9,1	ok,ok,terrible,amazing,amazing,terrible,ok,terrible,amazing	bad,good,bad,good,ok,good,terrible,ok,good	0.85,0.39,0,0,0.43,0.76,0.67,0.71,0.01	4,3,1,5,5,2,4,1,5	0.21,0.35,0.51,0,0,0.63,0.2,0.57,0.02	0.21,0.12,0.93,0,0,0.74,0,0.84,0.01	0.22,0.28,0.77,0,0.01,0.58,0,0.71,0.02	0.27,0.75,0.23,0.21,0.11,0.49,0.49,0.38,0.15	0.77,0.49,0.06,1,0.99,0.28,0.66,0.19,0.98	0.81,0.49,0.11,0.92,0.98,0.31,0.76,0.28,1	0.69,0.49,0.2,0.74,0.8,0.26,0.66,0.48,0.8
23	F	25	6	English	1,2,3,4,5,6,7,8,9	2,6,8,9,1,3,5,4,7	amazing,ok,terrible,terrible,amazing,amazing,ok,ok,terrible	amazing,good,ok,amazing,amazing,amazing,ok,amazing,good	0.01,0,0.87,0.99,0.02,0.01,0.03,0.75,0.97	5,4,2,1,5,5,4,2,1	0.03,0.31,0.59,0.53,0.03,0.01,0.2,0.4,0.54	0.02,0.02,0.61,0.62,0.02,0.01,0.02,0.01,0.69	0.02,0.01,0.61,0.53,0.02,0.03,0.01,0.32,0.71	0.46,0.99,0.8,0.74,0.75,0.75,0.75,0.83,0.74	0.98,0.97,0.68,0.39,0.98,1,0.98,0.68,0.42	0.99,0.75,0.19,0.2,0.99,0.84,0.63,0.2,0.28	0.98,0.56,0.01,0.21,0.57,0.64,0.51,0.21,0.24
24	F	25	4	English	1,2,3,4,5,6,7,8,9	1,7,8,3,4,9,5,6,2	amazing,terrible,terrible,amazing,ok,terrible,ok,ok,amazing	ok,terrible,terrible,good,good,good,terrible,terrible,ok	0.01,0.01,0.31,0.41,0.65,0.98,0.81,0.97,0.89	4,1,2,5,3,2,4,4,5	0.03,0.68,0.54,0.01,0.35,0.33,0.22,0.02,0.01	0.03,0.83,0.66,0.01,0.33,0.49,0.23,0.02,0.02	0.03,0.95,0.64,0,0.34,0.34,0.23,0.04,0.04	0.44,0.01,0.33,0.05,0.83,0.04,0.33,0.12,0.03	0.97,0.16,0.26,0.85,0.8,0.67,0.98,0.98,0.99	0.45,0.04,0.26,0.82,0.63,0.19,0.83,0.8,0.29	0.45,0.11,0.33,0.67,0.35,0.2,0.56,0.52,0.26
25	M	35	10	English	1,2,3,4,5,6,7,8,9	5,2,6,9,1,3,4,8,7	ok,amazing,ok,terrible,amazing,amazing,ok,terrible,terrible	ok,amazing,good,good,good,bad,good,ok,bad	0.44,0.03,0.09,0.96,0.01,0.97,0.2,0.71,0.05	3,5,4,2,4,2,3,2,1	0.23,0.02,0.03,0.27,0.15,0.19,0.36,0.56,0.78	0,0.02,0.03,0.59,0,0,0.14,0.87,0.85	0.01,0.02,0.02,0.51,0.01,0.03,0.35,0.32,0.76	0.99,0.01,0.03,0.29,0.47,0.47,0.46,0.46,0.12	0.58,0.98,0.81,0.41,0.71,0.83,0.43,0.5,0.11	0.49,0.98,0.76,0.41,0.75,0.81,0.53,0.47,0.09	0.37,0.98,0.8,0.27,0.64,0.79,0.76,0.14,0.13
26	F	45	4	Filipino	1,2,3,4,5,6,7,8,9	2,5,8,1,6,9,7,4,3	amazing,ok,terrible,amazing,ok,terrible,terrible,ok,amazing	ok,amazing,amazing,good,terrible,ok,bad,good,bad	0,0.03,0.97,0.01,0.68,0.97,0.03,0.5,0.98	5,5,2,4,4,1,1,3,5	0.02,0,0.72,0.03,0.03,0.97,1,0.45,0.03	0.01,0.01,0.27,0.01,0.06,0.04,0.83,0.19,0	0,0,0.22,0.01,0.04,0.09,0.84,0.3,0	0.02,0.01,0.3,0.03,0.04,0,0.02,0.42,0.03	0.99,0.98,0.12,0.97,0.74,0.04,0.02,0.45,0.98	0.98,0.97,0.21,0.98,0.89,0.05,0.03,0.41,0.98	0.99,0.97,0.09,0.98,0.8,0,0,0.43,1
27	F	35	4	English	1,2,3,4,5,6,7,8,9	5,8,6,4,2,3,9,1,7	ok,terrible,ok,ok,amazing,amazing,terrible,amazing,terrible	good,bad,bad,good,bad,good,bad,ok,good	0.14,0.01,0.94,0.02,0.99,0.01,0.01,0.31,0.98	5,1,4,4,5,5,1,4,1	0.01,0.74,0.08,0.01,0.01,0.01,0.62,0,0.26	0.01,0.74,0.12,0.06,0.01,0.01,0.69,0.01,0.5	0.01,0.47,0.03,0,0.03,0.01,0.19,0,0.04	0.09,0.07,0.29,0.2,0.28,0.07,0.03,0.5,0.08	0.94,0.03,0.65,0.79,0.86,0.99,0.09,0.62,0.47	0.99,0.01,0.7,0.63,0.85,0.99,0.13,0.53,0.38	0.95,0.03,0.41,0.18,0.89,0.92,0.02,0.41,0.59
28	F	35	4	English	1,2,3,4,5,6,7,8,9	7,9,6,1,4,3,2,8,5	terrible,terrible,ok,amazing,ok,amazing,amazing,terrible,ok	good,good,bad,good,amazing,good,ok,amazing,amazing	0.98,0.95,0.96,0.02,0.23,0.02,0.78,0.94,0.17	2,1,5,4,3,5,5,3,4	0.13,0.27,0.08,0.06,0.16,0.05,0.04,0.34,0.04	0.31,0.44,0.07,0.06,0.07,0.03,0.02,0.55,0.1	0.05,0.05,0.06,0.08,0.14,0.03,0.04,0.36,0.04	0.64,0.35,0.56,0.56,0.67,0.32,0.17,0.87,0.77	0.09,0.06,0.68,0.68,0.68,0.71,0.73,0.19,0.78	0.86,0.09,0.86,0.83,0.42,0.85,0.84,0.45,0.86	0.15,0.1,0.42,0.2,0.12,0.4,0.6,0.22,0.41
29	M	45	6	English	1,2,3,4,5,6,7,8,9	5,8,7,4,2,9,3,6,1	ok,terrible,terrible,ok,amazing,terrible,amazing,ok,amazing	terrible,good,good,good,amazing,terrible,bad,amazing,amazing	0.5,0.68,1,0.17,0,0,1,0.16,0.01	1,2,1,4,5,1,5,4,5	0.52,0.65,0.69,0.02,0,0.8,0.12,0,0	0.71,0.4,0.61,0.02,0,0.64,0.06,0,0	0.21,0.39,0.67,0.01,0,0.67,0,0,0	0,0.44,0,0.2,0.15,0.36,0.16,0.35,0	0.02,0.24,0.01,0.9,0.87,0.18,0.49,0.46,1	0.16,0.12,0.02,0.62,1,0,0.66,0.66,1	0.16,0.17,0,0.57,1,0,0.64,0.67,1
30	F	25	6	English	1,2,3,4,5,6,7,8,9	8,3,7,6,1,2,5,9,4	terrible,amazing,terrible,ok,amazing,amazing,ok,terrible,ok	ok,bad,ok,amazing,amazing,terrible,ok,good,amazing	0.14,1,1,0,0,1,0,1,0	4,2,4,5,5,1,4,4,5	0,1,0,0,0,1,0,0,0	0,1,0,0,0,1,0,0,0	0,1,0,0,0,1,0,0,0	0.59,0,0.48,0.01,0,0,0.51,0.48,0	0.5,0,0.52,0.5,0.52,0,0.53,0.49,0	0.59,0,1,1,1,0,1,1,1	0.59,0,1,1,1,0,1,1,1
31	F	35	6	english	1,2,3,4,5,6,7,8,9	4,3,5,6,2,8,1,9,7	ok,amazing,ok,ok,amazing,terrible,amazing,terrible,terrible	good,amazing,terrible,bad,terrible,amazing,bad,terrible,ok	0.76,0.01,0.63,0.69,0.96,0.92,0.97,0.03,0.88	2,5,3,3,5,2,5,1,1	0.7,0.02,0.81,0.66,0.97,0.02,0.97,0.59,0.37	0.57,0,0.85,0.63,0.96,0.02,0.99,0.7,0.31	0.54,0.03,0.78,0.53,0.01,0.01,0.97,0.69,0.46	0.24,0.12,0.76,0.37,0.98,0.2,0.01,0.73,0.31	0.36,0.96,0.15,0.44,0.02,0.96,0.01,0.21,0.19	0.19,0.93,0.14,0.3,0.02,0.8,0.01,0.14,0.11	0.25,0.94,0.13,0.33,0.01,0.98,0.01,0.08,0.46
32	M	35	6	English	1,2,3,4,5,6,7,8,9	2,3,1,8,4,6,9,7,5	amazing,amazing,amazing,terrible,ok,ok,terrible,terrible,ok	terrible,ok,bad,terrible,ok,good,ok,ok,good	0.95,0.73,0.73,0.11,0,0.04,0.68,0.03,0.12	5,5,4,3,2,4,1,1,4	0.04,0.03,0.1,0.41,0.49,0.15,0.83,0.77,0.14	0.03,0.06,0.01,0.44,0.55,0.14,0.81,0.81,0.12	0.07,0.01,0.14,0.28,0.47,0.12,0.79,0.83,0.14	0.48,0.47,0.4,0.21,0.3,0.44,0.35,0.22,0.45	0.23,0.23,0.42,0.11,0.27,0.32,0.24,0.19,0.45	0.68,0.8,0.69,0.17,0.12,0.47,0.11,0.1,0.59	0.63,0.77,0.73,0.08,0.12,0.55,0.12,0.06,0.51
33	F	55	4	English	1,2,3,4,5,6,7,8,9	7,2,3,8,5,4,1,6,9	terrible,amazing,amazing,terrible,ok,ok,amazing,ok,terrible	good,terrible,ok,terrible,ok,terrible,ok,terrible,bad	0.91,0.88,0.01,0.02,0.04,0.5,0.04,0.13,0	2,4,4,2,4,3,4,3,2	0.49,0.11,0.15,0.82,0.13,0.64,0.1,0.76,0.75	0.74,0.07,0.09,0.82,0.15,0.42,0.03,0.71,0.74	0.58,0.11,0.1,0.34,0.25,0.48,0.09,0.69,0.72	0.34,0.35,0.16,0.44,0.51,0.49,0.52,0.18,0.25	0.17,0.49,0.32,0.27,0.49,0.5,0.58,0.31,0.2	0.24,0.75,0.9,0.28,0.6,0.28,0.75,0.2,0.07	0.83,0.64,0.69,0.29,0.6,0.52,0.61,0.49,0.41
34	F	65	4	english	1,2,3,4,5,6,7,8,9	4,1,8,6,5,9,2,3,7	ok,amazing,terrible,ok,ok,terrible,amazing,amazing,terrible	amazing,good,good,amazing,bad,ok,ok,ok,terrible	0.04,0.01,0.99,0.02,0.01,0.68,0.01,0.13,0.01	5,5,2,4,2,1,5,5,1	0.01,0,0.49,0.01,0.7,0.49,0.01,0.01,0.61	0.01,0.01,0.99,0.01,0.7,0.47,0.01,0.01,0.98	0.01,0.01,0.47,0.01,0.01,0.01,0,0,0.01	0.01,0.01,0.02,0.01,0.01,0.01,0,0.01,0	0.98,0.99,0.01,0.88,0,0.01,0.99,0.98,0.01	0.99,0.98,0.01,0.73,0.01,0.01,0.99,0.99,0.02	0.99,0.99,0,0.59,0.02,0.03,0.99,0.99,0
35	M	45	6	English	1,2,3,4,5,6,7,8,9	5,1,3,6,9,7,8,4,2	ok,amazing,amazing,ok,terrible,terrible,terrible,ok,amazing	bad,good,amazing,bad,bad,ok,bad,amazing,amazing	0.82,0.03,0.01,0.63,0,0.87,0.15,0.2,0.04	4,5,5,3,1,1,2,3,5	0.21,0.06,0.03,0.33,0.82,0.6,0.67,0.64,0.05	0.17,0.05,0.05,0.23,0.79,0.65,0.67,0.62,0.02	0.22,0.06,0.05,0.34,0.74,0.59,0.67,0.68,0.07	0.2,0.13,0.04,0.79,0.1,0.46,0.15,0.9,0.03	0.69,0.98,0.97,0.54,0.28,0.31,0.28,0.49,0.97	0.76,0.99,0.97,0.51,0.34,0.21,0.19,0.55,0.96	0.65,0.97,0.95,0.54,0.03,0.27,0.17,0.48,0.94
36	F	25	6	English	1,2,3,4,5,6,7,8,9	8,1,2,3,5,6,9,7,4	terrible,amazing,amazing,amazing,ok,ok,terrible,terrible,ok	good,terrible,amazing,amazing,amazing,amazing,amazing,terrible,bad	0.65,0.88,0,0,0.47,0.22,0.83,0.04,0.32	2,5,5,5,3,4,1,1,3	0.62,0.27,0.15,0.05,0.28,0.35,0.73,0.29,0.69	0.45,0.23,0.13,0.04,0.33,0.38,0.85,0.64,0.51	0.49,0.26,0.16,0.03,0.52,0.38,0.37,0.62,0.29	0.75,0.64,0.53,0.36,0.9,0.87,0.46,0.31,0.74	0.34,0.85,0.89,0.92,0.64,0.83,0.49,0.35,0.63	0.29,0.72,0.9,0.9,0.66,0.75,0.26,0.25,0.29	0.21,0.76,0.9,0.95,0.49,0.69,0.27,0.44,0.27
37	F	35	6	English	1,2,3,4,5,6,7,8,9	4,8,3,2,6,5,7,1,9	ok,terrible,amazing,amazing,ok,ok,terrible,amazing,terrible	amazing,amazing,ok,bad,amazing,terrible,ok,ok,amazing	0,0,0,0.5,0.02,0.09,0.14,0.15,0.08	5,5,4,2,5,1,4,4,5	0.03,0.07,0.28,0.6,0.11,0.61,0.58,0.38,0.19	0.03,0.07,0.23,0.57,0.1,0.71,0.58,0.37,0.24	0.02,0,0.02,0.59,0.05,0.8,0.59,0.28,0.21	0.47,0.52,0.25,0.37,0.09,0.27,0.48,0.41,0.39	0.72,0.81,0.67,0.31,0.92,0.27,0.49,0.48,0.76	0.77,0.65,0.52,0.22,0.92,0.21,0.32,0.53,0.83	0.76,0.6,0.32,0.25,0.89,0.21,0.31,0.43,0.8
38	F	35	8	English	1,2,3,4,5,6,7,8,9	6,8,5,7,1,9,3,4,2	ok,terrible,ok,terrible,amazing,terrible,amazing,ok,amazing	amazing,amazing,terrible,bad,good,ok,bad,bad,good	0.2,0.17,0.44,0.16,0.33,0.5,0.69,0.37,0.23	5,5,1,2,4,3,2,2,4	0.05,0.08,0.58,0.58,0.08,0.01,0.44,0.49,0.03	0.06,0.1,0.46,0.66,0.1,0.02,0.54,0.34,0.04	0.07,0.07,0.2,0.42,0.08,0.04,0.35,0.2,0.04	0.05,0.07,0.12,0.1,0.09,0.01,0.07,0.04,0.04	0.81,0.76,0.1,0.1,0.82,0.55,0.1,0.04,0.49	0.86,0.86,0.12,0.05,0.68,0.22,0.09,0.12,0.49	0.82,0.68,0.1,0.11,0.38,0.02,0.13,0.04,0.31
39	M	35	8	english	1,2,3,4,5,6,7,8,9	8,2,6,5,7,4,3,1,9	terrible,amazing,ok,ok,terrible,ok,amazing,amazing,terrible	ok,bad,good,terrible,ok,amazing,amazing,terrible,bad	0.8,0.88,0.5,0.27,0.87,0.05,0.13,0.98,0.06	2,5,3,3,1,5,5,5,1	0.43,0.21,0.07,0.46,0.86,0.24,0.18,0.09,0.84	0.75,0.59,0.25,0.12,0.85,0.09,0.07,0.08,0.81	0.8,0.04,0.36,0.75,0.8,0.07,0.1,0.1,0.93	0.42,0.45,0.8,0.69,0.47,0.77,0.84,0.74,0.61	0.81,0.79,0.79,0.72,0.15,0.79,0.89,0.96,0.11	0.51,0.83,0.81,0.29,0.2,0.88,0.9,0.81,0.16	0.41,0.81,0.84,0.72,0.17,0.82,0.86,0.87,0.07
40	M	35	6	Chinese	1,2,3,4,5,6,7,8,9	1,3,5,9,2,8,7,6,4	amazing,amazing,ok,terrible,amazing,terrible,terrible,ok,ok	ok,good,amazing,ok,bad,ok,bad,terrible,ok	0.37,0.18,0,0.89,1,0.62,0,0.87,0.6	5,4,4,2,5,3,1,4,3	0,0,0.05,0.7,0.2,0.41,0.69,0.47,0.36	0,0,0.08,0.8,0.26,0.5,0.87,0.34,0.47	0,0,0,0.75,0.34,0.29,0.74,0.35,0.34	0.84,0.32,0.63,0.28,0.65,0.93,0.32,0.73,0.87	0.83,0.88,0.86,0.15,0.7,0.87,0.3,0.67,0.82	0.74,0.83,0.81,0.2,0.7,0.57,0.23,0.62,0.57	0.62,0.74,0.75,0.3,0.49,0.23,0.5,0.25,0.14
41	M	25	6	English	1,2,3,4,5,6,7,8,9	6,8,2,4,3,9,7,5,1	ok,terrible,amazing,ok,amazing,terrible,terrible,ok,amazing	ok,amazing,good,amazing,terrible,good,amazing,ok,amazing	0.25,0.9,0.79,0.37,0.34,0.77,0.74,0.36,0.42	4,1,3,3,3,3,3,4,4	0.29,0.7,0.17,0.32,0.33,0.72,0.59,0.71,0.42	0.17,0.82,0.23,0.23,0.15,0.66,0.35,0.46,0.52	0.22,0.78,0.29,0.25,0.22,0.23,0.54,0.36,0.71	0.49,0.58,0.49,0.49,0.36,0.43,0.31,0.54,0.41	0.8,0.17,0.83,0.44,0.31,0.66,0.52,0.53,0.85	0.86,0.21,0.76,0.43,0.3,0.39,0.3,0.7,0.28	0.78,0.19,0.83,0.46,0.3,0.51,0.68,0.51,0.61
42	M	35	4	English	1,2,3,4,5,6,7,8,9	9,2,8,6,5,3,4,1,7	terrible,amazing,terrible,ok,ok,amazing,ok,amazing,terrible	bad,amazing,bad,good,bad,terrible,amazing,terrible,good	0.02,0,0,0,0.66,0.95,0.18,1,1	2,5,2,4,4,5,4,5,1	0.4,0,0.37,0,0,0,0,0,0.27	0.49,0,0.36,0,0.06,0,0.04,0,0.26	0.58,0.06,0.35,0.03,0.04,0.03,0.03,0.04,0.4	0,0,0,0.3,0.55,0.38,0.64,0.39,0.17	0,0.68,0,0.57,0.21,0.44,0.6,0.4,0.17	0,0.73,0.01,0.55,0.11,0.36,0.28,0.61,0.14	0.12,0.73,0,0.53,0.03,0.28,0,0.17,0.04
43	F	35	4	English	1,2,3,4,5,6,7,8,9	7,3,2,5,9,1,4,8,6	terrible,amazing,amazing,ok,terrible,amazing,ok,terrible,ok	good,terrible,ok,amazing,good,terrible,good,good,amazing	0.85,1,0.99,0.5,0.99,0.99,0.02,0.84,0	1,5,5,4,1,5,3,2,5	0.15,0.01,0.01,0.01,0.25,0.01,0.22,0.79,0.01	0.52,0.01,0.02,0.01,0.49,0.01,0.01,0.52,0.02	0.51,0.01,0.01,0.02,0.49,0.01,0,0.51,0.01	0.14,0.02,0.5,0.48,0.01,0,1,0.21,0.02	0.14,0.98,0.51,0.99,0.01,0.99,0.51,0.21,0.99	0.14,0.98,0.49,0.98,0.51,0.99,0.52,0.2,0.99	0.34,0.98,0.51,0.99,0.12,1,0.53,0.01,0.99
44	F	35	4	english	1,2,3,4,5,6,7,8,9	9,7,4,6,8,1,5,3,2	terrible,terrible,ok,ok,terrible,amazing,ok,amazing,amazing	bad,good,bad,terrible,terrible,amazing,terrible,bad,bad	0.02,0.96,0.21,0.75,0.12,0.03,0.9,0.97,0.77	2,1,2,3,2,5,4,5,4	0.7,0.18,0.2,0.01,0.27,0.03,0.04,0,0.02	0.02,0,0.03,0.02,0.03,0.01,0.02,0.01,0.01	0.21,0.21,0.02,0,0.28,0.01,0.03,0.01,0.02	0.19,0.17,0.49,0.46,0.01,0.07,0.53,0.38,0.21	0.01,0.1,0.33,0.72,0,0.93,0.67,0.51,0.62	0.01,0.02,0.03,0.18,0.02,0.97,0.55,0.99,0.91	0.02,0.02,0.02,0.02,0.01,0.9,0.4,0.86,0.65
45	F	25	4	English	1,2,3,4,5,6,7,8,9	3,8,5,2,9,1,6,7,4	amazing,terrible,ok,amazing,terrible,amazing,ok,terrible,ok	amazing,good,bad,terrible,good,terrible,amazing,terrible,good	0,0.69,0,1,0.82,0.98,0.44,0,0.5	5,2,2,4,2,5,4,1,4	0,0.49,0.26,0.16,0.64,0.19,0.13,0.83,0.23	0.01,0.7,0.98,0.18,0.78,0.07,0.07,0.97,0.22	0,0.49,0.29,0.17,0.64,0.22,0.12,0.78,0.25	0,0.77,0.86,0.53,0.33,0.27,0.22,0.07,0.4	1,0.49,0.51,0.81,0.32,0.68,0.83,0.01,0.67	0.98,0.49,0.13,0.82,0.51,0.67,0.84,0.01,0.68	0.98,0.25,0.02,0.67,0.23,0.87,0.83,0.02,0.64
46	F	25	4	English	1,2,3,4,5,6,7,8,9	6,5,7,4,2,3,8,1,9	ok,ok,terrible,ok,amazing,amazing,terrible,amazing,terrible	terrible,bad,terrible,good,terrible,good,terrible,good,bad	1,1,0,0,0.99,0,0,0,0	4,2,1,4,1,4,1,4,2	0.44,0.48,0.98,0.01,0.44,0.67,0.98,0.02,0.7	0.44,0.45,0.98,0.01,0.45,0.26,0.98,0.01,0.74	0.44,0.44,0.97,0.03,0.45,0.2,0.98,0.02,0.71	0.42,0.44,0.01,0.48,0.43,0.48,0.45,0.37,0.38	0.02,0.01,0.01,0.52,0.01,0.66,0.01,0.85,0.02	0.01,0.01,0.01,0.51,0.01,0.69,0.02,0.86,0.02	0.01,0.02,0.01,0.52,0.01,0.65,0.01,0.85,0.01
47	F	35	8	English	1,2,3,4,5,6,7,8,9	5,3,1,4,8,9,2,7,6	ok,amazing,amazing,ok,terrible,terrible,amazing,terrible,ok	good,bad,ok,amazing,ok,terrible,ok,amazing,ok	0,0.98,0.72,0.33,0.38,0,0.69,0.99,0.5	4,5,5,3,3,2,5,1,4	0.03,0.02,0.03,0.04,0.06,0.14,0.03,0.42,0.08	0.01,0.03,0.01,0,0.11,0.17,0.04,0.43,0.09	0.02,0.04,0.01,0.02,0.04,0,0.02,0.43,0.05	0.57,0.49,0.5,0.54,0.92,0.47,0.56,0.24,0.65	0.81,0.77,0.69,0.64,0.7,0.2,0.9,0.19,0.6	0.87,0.99,0.96,0.54,0.57,0.12,0.94,0.02,0.63	0.94,0.98,0.96,0.58,0.57,0.06,0.97,0.01,0.64
48	F	55	0	English	1,2,3,4,5,6,7,8,9	2,4,8,9,1,7,6,5,3	amazing,ok,terrible,terrible,amazing,terrible,ok,ok,amazing	ok,amazing,good,amazing,amazing,terrible,amazing,bad,terrible	0.03,1,0.33,1,0,0,0,1,1	3,2,4,1,5,1,5,4,5	0,0.51,0,0.48,0,0.76,0,0.01,0	0.17,0.84,0,0.67,0,1,0,0,0	0.17,0.77,0,0.48,0.02,0.75,0,0,0	0.46,0.37,0.02,0.32,0,0,0,0,0	1,0,0.82,0.02,0.99,0,1,0.64,1	0.51,0,0.82,0,1,0,1,0.62,1	0.4,0,0.82,0,1,0,1,0.64,1
49	F	45	4	English	1,2,3,4,5,6,7,8,9	5,1,7,2,6,4,8,9,3	ok,amazing,terrible,amazing,ok,ok,terrible,terrible,amazing	bad,amazing,bad,terrible,good,ok,ok,good,good	0.92,0.03,0,1,0.24,0,1,1,0	5,5,2,5,4,3,2,2,5	0.1,0.03,0.26,0.01,0.2,0.22,0.51,0.76,0	0.02,0.03,0.53,0,0,0,0.44,0.75,0	0.05,0.03,0.51,0.01,0.02,0.13,0.65,0.51,0	0.22,0.16,0.08,0,0,0.19,0.44,0.48,0	0.8,0.96,0.51,1,0.91,0.79,0.22,0.28,1	0.9,0.99,0.24,1,0.99,0.68,0.46,0.29,1	0.6,0.97,0.25,1,0.7,0.65,0.23,0.15,1
50	M	45	4	English	1,2,3,4,5,6,7,8,9	5,6,1,7,2,3,9,8,4	ok,ok,amazing,terrible,amazing,amazing,terrible,terrible,ok	ok,ok,amazing,bad,amazing,ok,good,bad,bad	0.64,0.25,0,0.11,0.17,0.63,0.85,0.7,0.55	3,4,5,2,4,3,2,3,3	0.49,0.24,0,0.49,0.06,0.31,0.41,0.43,0.66	0.05,0.06,0,0.83,0.04,0.19,0.3,0.31,0.08	0.13,0.06,0,0.74,0.04,0.24,0.19,0.39,0.13	0.47,0.21,0.21,0.45,0.23,0.36,0.5,0.21,0.47	0.64,0.47,0.74,0.51,0.44,0.47,0.48,0.18,0.29	0.67,0.66,1,0.11,0.84,0.55,0.45,0.02,0.21	0.58,0.71,0.92,0.16,1,0.6,0.56,0.07,0.23
51	F	25	4	English	1,2,3,4,5,6,7,8,9	3,2,9,4,8,6,1,5,7	amazing,amazing,terrible,ok,terrible,ok,amazing,ok,terrible	bad,terrible,terrible,ok,good,bad,bad,amazing,ok	1,1,0,0,1,1,0.99,0.5,0.88	5,5,1,3,2,4,5,4,2	0,0,0.72,0.46,0.47,0,0,0,0.47	0,0,0,0.48,0,0,0,0,0	0,0,0.49,0.48,0,0,0,0,0	0.48,0.47,0.49,1,0.49,0.47,0.48,0.51,0.68	1,1,0.32,0.46,0.49,1,0.99,0.73,0.47	0.8,0.74,0,0.48,0,0.58,0.66,0.5,0	0.76,0.62,0,0.46,0,0.57,0.66,0.27,0.2
52	M	45	4	english	1,2,3,4,5,6,7,8,9	5,4,2,7,1,8,3,9,6	ok,ok,amazing,terrible,amazing,terrible,amazing,terrible,ok	bad,amazing,terrible,bad,terrible,ok,ok,bad,amazing	0.92,0.85,0.92,0.01,0.96,0.01,0.2,0,0.01	4,2,5,1,5,2,4,2,4	0.08,0.76,0.01,0.82,0.01,0.65,0.01,0.51,0.01	0.08,0.75,0.05,0.95,0.01,0.83,0.01,0.72,0.06	0.01,0.71,0.01,0.59,0.01,0.53,0.01,0.48,0.01	0.05,0.18,0.06,0.01,0.01,0.17,0.38,0.15,0.55	0.68,0.12,0.83,0.01,0.75,0.77,0.71,0.7,0.78	0.7,0.73,0.86,0.01,0.94,0.02,0.8,0.01,0.82	0.58,0.19,0.92,0.01,0.75,0.08,0.66,0.63,0.62
53	M	25	6	English	1,2,3,4,5,6,7,8,9	9,7,4,1,6,8,3,5,2	terrible,terrible,ok,amazing,ok,terrible,amazing,ok,amazing	terrible,amazing,terrible,terrible,terrible,amazing,bad,bad,terrible	0.24,0.84,0.79,0.98,0.92,0.71,0.99,0.61,0.98	1,4,3,5,4,2,5,3,5	0.75,0.06,0.29,0.06,0.12,0.73,0.01,0.31,0	0.96,0.11,0.2,0.04,0.07,0.14,0.02,0.15,0.01	0.91,0.11,0.18,0.04,0.05,0.14,0.02,0.18,0	0.22,0.31,0.17,null,0.47,0.32,0.12,0.46,0.5	0.14,0.71,0.49,0.51,0.54,0.39,0.75,0.49,0.35	0.17,0.9,0.77,0.89,0.72,0.22,0.99,0.61,0.99	0.1,0.88,0.32,0.88,0.66,0.15,0.98,0.55,0.97
54	F	65	0	English	1,2,3,4,5,6,7,8,9	9,5,7,6,3,8,1,2,4	terrible,ok,terrible,ok,amazing,terrible,amazing,amazing,ok	ok,terrible,terrible,terrible,bad,good,terrible,good,terrible	0.97,0.94,0,1,0.99,0.63,1,0,0.13	2,1,1,2,3,4,3,5,2	0.16,0.58,0.54,0.48,0.7,0.09,0.57,0,0.69	0.14,0.6,0.64,0.7,0.58,0.08,0.49,0.01,0.74	0.23,0.47,0.53,0.4,0.18,0.1,0.06,0,0.6	0.42,0.15,0.09,0.22,0.47,0.58,0.55,0.96,0.43	0.75,0.32,0.28,0.27,0.35,0.66,0.54,0.83,0.33	0.58,0.18,0.29,0.21,0.28,0.71,0.5,0.9,0.17	0.64,0.18,0.09,0.24,0.31,0.62,0.29,0.93,0.17
55	M	35	6	Enlgish	1,2,3,4,5,6,7,8,9	7,2,9,1,3,4,8,5,6	terrible,amazing,terrible,amazing,amazing,ok,terrible,ok,ok	bad,good,bad,bad,good,good,terrible,bad,bad	0,0,0,1,0,0.55,0,0.81,0.7	2,4,2,5,5,3,2,4,4	0.23,0.03,0.4,0.04,0.03,0.21,0.69,0.09,0.07	0.37,0.03,0.47,0.03,0.03,0.24,0.59,0.13,0.08	0.14,0.03,0.45,0.03,0.03,0.14,0.61,0.11,0.1	0.32,0.33,0.44,0.42,0.15,0.62,0.41,0.39,0.44	0.4,0.65,0.35,0.38,0.45,0.47,0.25,0.68,0.69	0.11,0.67,0.05,0.85,0.62,0.29,0.13,0.57,0.62	0.08,0.68,0.03,0.81,0.65,0.25,0.11,0.52,0.64
56	M	25	4	English	1,2,3,4,5,6,7,8,9	1,3,5,9,8,6,2,7,4	amazing,amazing,ok,terrible,terrible,ok,amazing,terrible,ok	terrible,terrible,bad,good,ok,ok,good,good,ok	1,0.96,0.95,0.98,0.48,0.11,0,0.75,0	5,5,4,1,3,4,4,2,3	0.03,0.01,0.04,0.6,0.19,0,0,0.16,0.03	0,0,0,0.7,0.06,0,0,0.71,0.01	0,0,0,0.21,0.02,0,0,0.06,0	0.19,0.06,0.18,0.18,0.86,0.79,0.06,0.37,0.92	1,0.97,0.91,0.05,0.46,0.8,0.96,0,0.74	1,0.95,0.95,0.07,0.35,0.68,0.97,0.08,0.48	0.99,0.96,0.93,0,0.46,0.48,0.96,0.06,0.16
57	F	35	4	english	1,2,3,4,5,6,7,8,9	5,3,4,1,6,9,7,2,8	ok,amazing,ok,amazing,ok,terrible,terrible,amazing,terrible	bad,ok,ok,good,bad,ok,terrible,bad,amazing	0,0.69,0.66,0.04,0.4,0.77,0,1,0.5	3,5,2,4,2,1,1,5,3	0.6,0.35,0.36,0.01,0.59,0.37,0.98,1,0.51	0.63,0.36,0.41,0.04,0.47,0.23,0.98,0.94,0.53	0.83,0.39,0.34,0.02,0.49,0.2,0.99,0.97,0.47	0.48,0.68,0.24,0.48,0.33,0.52,0.01,0.02,0.97	0.49,0.33,0.35,0.02,0.38,0.49,0.01,0.01,0.51	0.38,0.53,0.47,0.52,0.38,0.44,0.01,0.02,0.52	0.41,0.31,0.19,0.33,0.12,0.3,0.47,0.03,0.51
58	F	66	0	English	1,2,3,4,5,6,7,8,9	7,5,2,3,4,1,8,6,9	terrible,ok,amazing,amazing,ok,amazing,terrible,ok,terrible	bad,bad,bad,ok,ok,good,ok,ok,good	0.03,0.61,0.1,0.5,0.14,0.77,0.42,0.18,0.3	2,5,5,4,3,5,3,4,2	0.57,0.05,0.1,0.15,0.45,0.21,0.4,0.19,0.29	0.58,0.25,0.04,0.57,0.27,0.18,0.63,0.22,0.31	0.58,0.12,0.06,0.13,0.43,0.18,0.36,0.23,0.31	0.62,0.34,0.12,0.52,0.29,0.17,0.61,0.7,0.26	0.64,0.86,0.77,0.48,0.24,0.86,0.42,0.68,0.38	0.3,0.93,0.89,0.64,0.56,0.82,0.46,0.69,0.3	0.26,0.88,0.89,0.67,0.57,0.72,0.41,0.67,0.28
59	M	35	6	English	1,2,3,4,5,6,7,8,9	3,2,1,9,4,8,5,7,6	amazing,amazing,amazing,terrible,ok,terrible,ok,terrible,ok	bad,amazing,bad,bad,ok,ok,ok,terrible,good	1,0.03,0.97,0,0.33,0.81,0,0.01,0	5,5,5,2,3,2,4,4,4	0.03,0.02,0.02,0.8,0.55,0.69,0.11,0.64,0.1	0.03,0.02,0.02,0.84,0.25,0.54,0.11,0.67,0.05	0.02,0.02,0.01,0.58,0.38,0.06,0.11,0.58,0.08	0.96,0.01,0.01,0.12,0.77,0.13,0.27,0.07,0.16	0.96,0.98,0.99,0.05,0.1,0.03,0.99,0.05,0.9	0.98,0.98,0.98,0.03,0.07,0.03,0.96,0.02,0.94	0.92,0.98,0.98,0.05,0.07,0.12,0.69,0.03,0.56
60	M	25	0	english	1,2,3,4,5,6,7,8,9	8,9,4,3,2,6,1,7,5	terrible,terrible,ok,amazing,amazing,ok,amazing,terrible,ok	amazing,bad,amazing,terrible,bad,terrible,ok,ok,bad	0.8,0,0.68,0.98,0.91,0.88,0.5,0.75,0.68	5,2,4,1,2,1,3,3,2	0.1,0.99,0.03,0.99,0.85,0.94,0.52,0.49,0.8	0.06,0.98,0.09,0.98,0.84,0.98,0.53,0.48,0.88	0.11,0.98,0.04,0.98,0.86,0.94,0.51,0.49,0.81	0.48,0.02,0.51,0.38,0.53,0.47,1,0.94,0.09	0.85,0.02,0.84,0.01,0.03,0.04,0.51,0.48,0.08	0.84,0,0.86,0.01,0.05,0.04,0.51,0.48,0.11	0.8,0.01,0.79,0.02,0.05,0.03,0.51,0.49,0.11
